267 116 81 255 232 -1.34 422 -0.11624141735255478
267 116 77 258 237 -1.34 422 -0.5578854143057974
267 116 73 261 242 -1.34 422 -0.5578854143057974
264 118 81 255 228 -1.34 421 -1.6205409943624751
264 118 77 258 233 -1.34 421 -1.6205409943624751
264 118 73 261 238 -1.34 421 -2.0802858343642185
260 121 77 258 228 -1.34 421 -0.11624141735255478
260 121 73 261 233 -1.34 421 -0.11624141735255478
256 124 81 255 218 -1.34 421 -1.1615205826913133
256 124 77 258 223 -1.34 421 -1.1615205826913133
256 124 73 261 228 -1.34 421 -1.6205409943624751
236 139 77 258 198 -1.34 421 -0.24591385724966486
236 139 73 261 203 -1.34 421 -0.24591385724966486
339 156 278 310 165 -0.40 400 -0.4051526227112241
339 156 274 320 176 -0.40 400 -0.8822738774308867
339 156 273 323 179 -0.40 400 -0.8822738774308867
339 156 272 325 181 -0.40 400 -1.3593951321505493
339 156 271 328 184 -0.40 400 -1.3593951321505493
339 156 270 330 187 -0.40 400 -1.3593951321505493
339 156 269 333 190 -0.40 400 -1.836516386870212
339 156 264 346 204 -0.39 400 -2.3136376415898745
339 156 263 348 206 -0.40 400 -2.3136376415898745
339 156 262 350 208 -0.40 400 -2.790758896309537
339 156 257 363 222 -0.40 400 -3.2678801510291997
339 156 256 366 225 -0.40 400 -3.7450014057488623
339 156 255 368 228 -0.40 400 -3.7450014057488623
339 156 254 371 231 -0.40 400 -3.7450014057488623
339 156 242 402 264 -0.39 400 -5.653486424627511
339 156 230 433 297 -0.39 400 -7.561971443506161
339 156 222 452 318 -0.40 400 -8.516213952945485
339 156 221 454 320 -0.40 400 -8.516213952945485
339 156 220 457 323 -0.40 400 -8.516213952945485
339 156 219 459 325 -0.40 400 -8.993335207665147
338 158 278 310 163 -0.39 400 -0.4051526227112241
338 158 274 320 174 -0.40 400 -0.8822738774308867
338 158 273 323 177 -0.39 400 -0.8822738774308867
338 158 272 325 179 -0.40 400 -0.8822738774308867
338 158 271 328 182 -0.39 400 -1.3593951321505493
338 158 270 330 184 -0.40 400 -1.3593951321505493
338 158 269 333 188 -0.39 400 -1.3593951321505493
338 158 264 346 202 -0.39 400 -2.3136376415898745
338 158 263 348 204 -0.39 400 -2.3136376415898745
338 158 262 350 206 -0.40 400 -2.3136376415898745
338 158 257 363 220 -0.40 400 -3.2678801510291997
338 158 256 366 223 -0.39 400 -3.2678801510291997
338 158 255 368 225 -0.40 400 -3.7450014057488623
338 158 254 371 228 -0.39 400 -3.7450014057488623
338 158 242 402 262 -0.39 400 -5.653486424627511
338 158 230 433 295 -0.39 400 -7.084850188786499
338 158 222 452 316 -0.39 400 -8.516213952945485
338 158 221 454 318 -0.40 400 -8.516213952945485
338 158 220 457 321 -0.39 400 -8.516213952945485
338 158 219 459 323 -0.40 400 -8.516213952945485
336 163 274 320 168 -0.39 400 -0.4051526227112241
336 163 273 323 171 -0.39 400 -0.8822738774308867
336 163 272 325 174 -0.40 400 -0.8822738774308867
336 163 271 328 177 -0.39 400 -0.8822738774308867
336 163 270 330 179 -0.40 400 -0.8822738774308867
336 163 269 333 182 -0.39 400 -1.3593951321505493
336 163 264 346 196 -0.39 400 -1.836516386870212
336 163 263 348 198 -0.39 400 -2.3136376415898745
336 163 262 350 201 -0.40 400 -2.3136376415898745
336 163 257 363 215 -0.40 400 -2.790758896309537
336 163 256 366 218 -0.39 400 -3.2678801510291997
336 163 255 368 220 -0.40 400 -3.2678801510291997
336 163 254 371 223 -0.39 400 -3.2678801510291997
336 163 242 402 256 -0.39 400 -5.176365169907848
336 163 230 433 290 -0.39 399 -7.084850188786499
336 163 222 452 310 -0.39 400 -8.039092698225822
336 163 221 454 312 -0.40 400 -8.039092698225822
336 163 220 457 316 -0.39 400 -8.516213952945485
336 163 219 459 318 -0.40 400 -8.516213952945485
335 166 274 320 165 -0.40 400 -0.4051526227112241
335 166 273 323 168 -0.39 400 -0.4051526227112241
335 166 272 325 171 -0.40 400 -0.8822738774308867
335 166 271 328 174 -0.40 400 -0.8822738774308867
335 166 270 330 176 -0.40 400 -0.8822738774308867
335 166 269 333 179 -0.40 400 -0.8822738774308867
335 166 264 346 193 -0.39 400 -1.836516386870212
335 166 263 348 195 -0.40 400 -1.836516386870212
335 166 262 350 197 -0.40 400 -1.836516386870212
335 166 257 363 211 -0.40 400 -2.790758896309537
335 166 256 366 215 -0.40 400 -2.790758896309537
335 166 255 368 217 -0.40 400 -3.2678801510291997
335 166 254 371 220 -0.40 400 -3.2678801510291997
335 166 242 402 253 -0.39 400 -5.176365169907848
335 166 230 433 286 -0.39 400 -6.607728934066836
335 166 222 452 307 -0.40 400 -8.039092698225822
335 166 221 454 309 -0.40 400 -8.039092698225822
335 166 220 457 312 -0.40 400 -8.039092698225822
335 166 219 459 315 -0.40 400 -8.516213952945485
334 168 274 320 163 -0.39 400 -0.4051526227112241
334 168 273 323 166 -0.39 400 -0.4051526227112241
334 168 272 325 168 -0.39 400 -0.4051526227112241
334 168 271 328 171 -0.39 400 -0.8822738774308867
334 168 270 330 174 -0.40 400 -0.8822738774308867
334 168 269 333 177 -0.39 400 -0.8822738774308867
334 168 264 346 191 -0.39 400 -1.836516386870212
334 168 263 348 193 -0.39 400 -1.836516386870212
334 168 262 350 195 -0.40 400 -1.836516386870212
334 168 257 363 209 -0.39 400 -2.790758896309537
334 168 256 366 212 -0.39 400 -2.790758896309537
334 168 255 368 215 -0.40 400 -2.790758896309537
334 168 254 371 218 -0.39 400 -3.2678801510291997
334 168 242 402 251 -0.39 400 -4.699243915188186
334 168 230 433 284 -0.39 399 -6.607728934066836
334 168 222 452 305 -0.39 400 -7.561971443506161
334 168 221 454 307 -0.40 400 -8.039092698225822
334 168 220 457 310 -0.39 400 -8.039092698225822
334 168 219 459 312 -0.40 400 -8.039092698225822
333 171 273 323 163 -0.39 400 -0.4051526227112241
333 171 272 325 165 -0.40 400 -0.4051526227112241
333 171 271 328 168 -0.39 400 -0.4051526227112241
333 171 270 330 171 -0.40 400 -0.8822738774308867
333 171 269 333 174 -0.40 400 -0.8822738774308867
333 171 264 346 188 -0.39 400 -1.3593951321505493
333 171 263 348 190 -0.40 400 -1.836516386870212
333 171 262 350 192 -0.40 400 -1.836516386870212
333 171 257 363 206 -0.40 400 -2.3136376415898745
333 171 256 366 209 -0.39 400 -2.790758896309537
333 171 255 368 211 -0.40 400 -2.790758896309537
333 171 254 371 215 -0.40 400 -2.790758896309537
333 171 242 402 248 -0.39 400 -4.699243915188186
333 171 230 433 281 -0.39 400 -6.607728934066836
333 171 222 452 302 -0.40 400 -7.561971443506161
333 171 221 454 304 -0.40 400 -7.561971443506161
333 171 220 457 307 -0.40 400 -8.039092698225822
333 171 219 459 309 -0.40 400 -8.039092698225822
328 184 264 346 174 -0.40 400 -0.8822738774308867
328 184 263 348 176 -0.40 400 -0.8822738774308867
328 184 262 350 178 -0.40 401 -0.8822738774308867
328 184 257 363 192 -0.40 400 -1.836516386870212
328 184 256 366 195 -0.40 400 -1.836516386870212
328 184 255 368 197 -0.40 401 -1.836516386870212
328 184 254 371 201 -0.40 400 -2.3136376415898745
328 184 242 402 234 -0.39 400 -4.222122660468525
328 184 230 433 267 -0.39 400 -5.653486424627511
328 184 222 452 288 -0.40 400 -7.084850188786499
328 184 221 454 290 -0.40 400 -7.084850188786499
328 184 220 457 293 -0.40 400 -7.084850188786499
328 184 219 459 295 -0.40 400 -7.084850188786499
327 186 264 346 171 -0.39 400 -0.8822738774308867
327 186 263 348 174 -0.40 400 -0.8822738774308867
327 186 262 350 176 -0.40 400 -0.8822738774308867
327 186 257 363 190 -0.40 400 -1.836516386870212
327 186 256 366 193 -0.39 400 -1.836516386870212
327 186 255 368 195 -0.40 400 -1.836516386870212
327 186 254 371 198 -0.39 400 -2.3136376415898745
327 186 242 402 232 -0.39 400 -3.7450014057488623
327 186 230 433 265 -0.39 400 -5.653486424627511
327 186 222 452 285 -0.39 400 -6.607728934066836
327 186 221 454 288 -0.40 400 -7.084850188786499
327 186 220 457 291 -0.39 400 -7.084850188786499
327 186 219 459 293 -0.40 400 -7.084850188786499
326 188 264 346 169 -0.39 399 -0.4051526227112241
326 188 263 348 171 -0.39 400 -0.8822738774308867
326 188 262 350 174 -0.40 400 -0.8822738774308867
326 188 257 363 188 -0.39 400 -1.3593951321505493
326 188 256 366 191 -0.39 399 -1.836516386870212
326 188 255 368 193 -0.39 400 -1.836516386870212
326 188 254 371 196 -0.39 399 -1.836516386870212
326 188 242 402 229 -0.39 399 -3.7450014057488623
326 188 230 433 263 -0.39 399 -5.653486424627511
326 188 222 452 283 -0.39 400 -6.607728934066836
326 188 221 454 285 -0.39 400 -6.607728934066836
326 188 220 457 289 -0.39 400 -7.084850188786499
326 188 219 459 291 -0.39 400 -7.084850188786499
321 201 257 363 174 -0.40 400 -0.8822738774308867
321 201 256 366 177 -0.39 400 -0.8822738774308867
321 201 255 368 179 -0.40 400 -0.8822738774308867
321 201 254 371 182 -0.39 400 -1.3593951321505493
321 201 242 402 215 -0.39 400 -2.790758896309537
321 201 230 433 249 -0.39 399 -4.699243915188186
321 201 222 452 269 -0.39 400 -5.653486424627511
321 201 221 454 272 -0.40 400 -6.1306076793471735
321 201 220 457 275 -0.39 400 -6.1306076793471735
321 201 219 459 277 -0.40 400 -6.1306076793471735
320 204 257 363 171 -0.40 400 -0.8822738774308867
320 204 256 366 174 -0.40 400 -0.8822738774308867
320 204 255 368 176 -0.40 400 -0.8822738774308867
320 204 254 371 179 -0.40 400 -0.8822738774308867
320 204 242 402 212 -0.39 400 -2.790758896309537
320 204 230 433 246 -0.39 400 -4.699243915188186
320 204 222 452 266 -0.40 400 -5.653486424627511
320 204 221 454 268 -0.40 400 -5.653486424627511
320 204 220 457 272 -0.40 400 -6.1306076793471735
320 204 219 459 274 -0.40 400 -6.1306076793471735
319 206 257 363 168 -0.39 400 -0.4051526227112241
319 206 256 366 171 -0.39 400 -0.8822738774308867
319 206 255 368 174 -0.40 400 -0.8822738774308867
319 206 254 371 177 -0.39 400 -0.8822738774308867
319 206 242 402 210 -0.39 399 -2.790758896309537
319 206 230 433 243 -0.39 399 -4.699243915188186
319 206 222 452 264 -0.39 400 -5.653486424627511
319 206 221 454 266 -0.40 400 -5.653486424627511
319 206 220 457 269 -0.39 400 -5.653486424627511
319 206 219 459 272 -0.40 400 -6.1306076793471735
318 209 257 363 165 -0.40 400 -0.4051526227112241
318 209 256 366 168 -0.39 400 -0.4051526227112241
318 209 255 368 171 -0.40 400 -0.8822738774308867
318 209 254 371 174 -0.40 400 -0.8822738774308867
318 209 242 402 207 -0.39 400 -2.790758896309537
318 209 230 433 240 -0.39 400 -4.222122660468525
318 209 222 452 261 -0.40 400 -5.653486424627511
318 209 221 454 263 -0.40 400 -5.653486424627511
318 209 220 457 266 -0.40 400 -5.653486424627511
318 209 219 459 268 -0.40 400 -5.653486424627511
317 211 257 363 163 -0.39 400 -0.4051526227112241
317 211 256 366 166 -0.39 400 -0.4051526227112241
317 211 255 368 168 -0.39 400 -0.4051526227112241
317 211 254 371 171 -0.39 400 -0.8822738774308867
317 211 242 402 205 -0.39 399 -2.3136376415898745
317 211 230 433 238 -0.39 399 -4.222122660468525
317 211 222 452 259 -0.39 400 -5.176365169907848
317 211 221 454 261 -0.40 400 -5.653486424627511
317 211 220 457 264 -0.39 400 -5.653486424627511
317 211 219 459 266 -0.40 400 -5.653486424627511
316 214 256 366 163 -0.39 400 -0.4051526227112241
316 214 255 368 165 -0.40 400 -0.4051526227112241
316 214 254 371 168 -0.39 400 -0.4051526227112241
316 214 242 402 202 -0.39 400 -2.3136376415898745
316 214 230 433 235 -0.39 400 -4.222122660468525
316 214 222 452 255 -0.39 400 -5.176365169907848
316 214 221 454 258 -0.40 400 -5.176365169907848
316 214 220 457 261 -0.40 400 -5.653486424627511
316 214 219 459 263 -0.40 400 -5.653486424627511
131 219 374 290 253 3.42 -619 -0.13271428629370163
131 219 377 291 256 3.42 -618 -0.13271428629370163
131 219 389 294 268 3.44 -623 -0.5615253099660968
131 219 396 296 275 3.44 -623 -0.9920654472170014
131 219 408 299 288 3.46 -628 -1.8578665987862735
131 219 411 300 291 3.46 -627 -1.8578665987862735
131 219 414 301 294 3.45 -625 -1.8578665987862735
131 219 426 304 307 3.47 -630 -2.7292958048186478
131 219 433 306 314 3.47 -630 -2.7292958048186478
131 219 445 309 326 3.49 -634 -3.605678973180135
131 219 448 310 329 3.48 -632 -3.605678973180135
131 219 451 311 332 3.48 -631 -3.605678973180135
131 219 463 314 345 3.49 -635 -4.486456375092377
131 219 467 315 349 3.50 -636 -4.486456375092377
131 219 471 316 353 3.51 -637 -4.928343102580056
131 219 474 317 356 3.50 -636 -4.928343102580056
142 226 359 286 225 3.62 -676 -0.11624141735255478
142 226 371 289 237 3.63 -680 -0.5578854143057974
142 226 374 290 240 3.62 -678 -0.5578854143057974
142 226 377 291 243 3.62 -676 -1.0009224996964754
142 226 389 294 256 3.63 -679 -1.4452473395669792
142 226 396 296 263 3.63 -679 -1.8907661178504434
142 226 408 299 275 3.64 -682 -2.3373949153394378
142 226 411 300 278 3.64 -680 -2.3373949153394378
142 226 414 301 282 3.63 -678 -2.7850583642741107
142 226 426 304 294 3.64 -681 -3.2336885241393745
142 226 433 306 301 3.64 -681 -3.6832239363983206
142 226 445 309 314 3.65 -684 -4.1336088250261405
142 226 448 310 317 3.64 -682 -4.584792416656121
142 226 451 311 320 3.64 -680 -4.584792416656121
142 226 463 314 332 3.65 -683 -5.036728359479476
142 226 467 315 336 3.65 -684 -5.489374224165644
142 226 471 316 341 3.66 -685 -5.489374224165644
142 226 474 317 344 3.65 -683 -5.942691073288032
311 227 242 402 188 -0.39 400 -1.3593951321505493
311 227 230 433 221 -0.39 400 -3.2678801510291997
311 227 222 452 241 -0.40 400 -4.222122660468525
311 227 221 454 244 -0.40 401 -4.699243915188186
311 227 220 457 247 -0.40 400 -4.699243915188186
311 227 219 459 249 -0.40 401 -4.699243915188186
310 229 242 402 185 -0.39 400 -1.3593951321505493
310 229 230 433 219 -0.39 399 -3.2678801510291997
310 229 222 452 239 -0.39 400 -4.222122660468525
310 229 221 454 241 -0.40 400 -4.222122660468525
310 229 220 457 245 -0.39 400 -4.699243915188186
310 229 219 459 247 -0.40 400 -4.699243915188186
309 231 242 402 183 -0.39 399 -1.3593951321505493
309 231 230 433 216 -0.39 399 -3.2678801510291997
309 231 222 452 237 -0.39 399 -4.222122660468525
309 231 221 454 239 -0.39 400 -4.222122660468525
309 231 220 457 242 -0.39 399 -4.222122660468525
309 231 219 459 245 -0.39 400 -4.699243915188186
200 243 359 286 164 3.70 -699 -0.4051526227112241
200 243 371 289 177 3.72 -704 -0.8822738774308867
200 243 374 290 180 3.70 -700 -1.3593951321505493
200 243 377 291 183 3.69 -697 -1.3593951321505493
200 243 389 294 195 3.71 -701 -1.836516386870212
200 243 396 296 203 3.70 -699 -2.3136376415898745
200 243 408 299 215 3.71 -703 -2.790758896309537
200 243 411 300 218 3.70 -700 -3.2678801510291997
200 243 414 301 221 3.69 -697 -3.2678801510291997
200 243 426 304 234 3.70 -701 -4.222122660468525
200 243 433 306 241 3.70 -699 -4.222122660468525
200 243 445 309 253 3.71 -703 -5.176365169907848
200 243 448 310 256 3.70 -700 -5.176365169907848
200 243 451 311 260 3.69 -697 -5.176365169907848
200 243 463 314 272 3.70 -701 -6.1306076793471735
200 243 467 315 276 3.71 -702 -6.1306076793471735
200 243 471 316 280 3.71 -703 -6.607728934066836
200 243 474 317 283 3.70 -700 -6.607728934066836
204 244 371 289 172 3.71 -702 -0.8822738774308867
204 244 374 290 176 3.70 -698 -0.8822738774308867
204 244 377 291 179 3.68 -695 -0.8822738774308867
204 244 389 294 191 3.70 -699 -1.836516386870212
204 244 396 296 198 3.69 -697 -2.3136376415898745
204 244 408 299 211 3.71 -702 -2.790758896309537
204 244 411 300 214 3.70 -698 -2.790758896309537
204 244 414 301 217 3.68 -695 -3.2678801510291997
204 244 426 304 229 3.70 -699 -3.7450014057488623
204 244 433 306 237 3.69 -698 -4.222122660468525
204 244 445 309 249 3.71 -701 -4.699243915188186
204 244 448 310 252 3.70 -699 -5.176365169907848
204 244 451 311 255 3.69 -696 -5.176365169907848
204 244 463 314 268 3.70 -699 -5.653486424627511
204 244 467 315 272 3.70 -700 -6.1306076793471735
204 244 471 316 276 3.71 -701 -6.1306076793471735
204 244 474 317 279 3.70 -699 -6.607728934066836
304 244 242 402 169 -0.39 399 -0.4051526227112241
304 244 230 433 202 -0.39 399 -2.3136376415898745
304 244 222 452 223 -0.39 400 -3.2678801510291997
304 244 221 454 225 -0.40 400 -3.7450014057488623
304 244 220 457 228 -0.39 400 -3.7450014057488623
304 244 219 459 231 -0.40 400 -3.7450014057488623
208 245 371 289 168 3.70 -700 -0.4051526227112241
208 245 374 290 171 3.69 -696 -0.8822738774308867
208 245 377 291 175 3.67 -693 -0.8822738774308867
208 245 389 294 187 3.69 -697 -1.3593951321505493
208 245 396 296 194 3.69 -696 -1.836516386870212
208 245 408 299 207 3.70 -700 -2.790758896309537
208 245 411 300 210 3.69 -697 -2.790758896309537
208 245 414 301 213 3.68 -694 -2.790758896309537
208 245 426 304 225 3.69 -698 -3.7450014057488623
208 245 433 306 233 3.69 -696 -3.7450014057488623
208 245 445 309 245 3.70 -700 -4.699243915188186
208 245 448 310 248 3.69 -697 -4.699243915188186
208 245 451 311 251 3.68 -695 -4.699243915188186
208 245 463 314 264 3.70 -698 -5.653486424627511
208 245 467 315 268 3.70 -699 -5.653486424627511
208 245 471 316 272 3.70 -700 -6.1306076793471735
208 245 474 317 275 3.69 -698 -6.1306076793471735
211 246 371 289 165 3.72 -705 -0.4051526227112241
211 246 374 290 168 3.70 -701 -0.4051526227112241
211 246 377 291 171 3.69 -697 -0.8822738774308867
211 246 389 294 184 3.71 -702 -1.3593951321505493
211 246 396 296 191 3.70 -700 -1.836516386870212
211 246 408 299 204 3.72 -704 -2.3136376415898745
211 246 411 300 207 3.70 -701 -2.790758896309537
211 246 414 301 210 3.69 -697 -2.790758896309537
211 246 426 304 222 3.71 -701 -3.2678801510291997
211 246 433 306 229 3.70 -700 -3.7450014057488623
211 246 445 309 242 3.71 -703 -4.222122660468525
211 246 448 310 245 3.70 -700 -4.699243915188186
211 246 451 311 248 3.69 -698 -4.699243915188186
211 246 463 314 261 3.71 -701 -5.653486424627511
211 246 467 315 265 3.71 -702 -5.653486424627511
211 246 471 316 269 3.71 -703 -5.653486424627511
211 246 474 317 272 3.70 -701 -6.1306076793471735
303 247 242 402 166 -0.39 400 -0.4051526227112241
303 247 230 433 199 -0.39 399 -2.3136376415898745
303 247 222 452 220 -0.40 400 -3.2678801510291997
303 247 221 454 222 -0.40 400 -3.2678801510291997
303 247 220 457 225 -0.40 400 -3.7450014057488623
303 247 219 459 228 -0.40 400 -3.7450014057488623
223 249 389 294 171 3.69 -696 -0.8822738774308867
223 249 396 296 179 3.68 -694 -0.8822738774308867
223 249 408 299 191 3.70 -699 -1.836516386870212
223 249 411 300 194 3.69 -695 -1.836516386870212
223 249 414 301 197 3.67 -692 -1.836516386870212
223 249 426 304 210 3.69 -697 -2.790758896309537
223 249 433 306 217 3.68 -695 -3.2678801510291997
223 249 445 309 229 3.70 -699 -3.7450014057488623
223 249 448 310 233 3.69 -696 -3.7450014057488623
223 249 451 311 236 3.68 -693 -4.222122660468525
223 249 463 314 248 3.69 -697 -4.699243915188186
223 249 467 315 252 3.70 -698 -5.176365169907848
223 249 471 316 256 3.70 -699 -5.176365169907848
223 249 474 317 260 3.69 -697 -5.176365169907848
302 249 242 402 164 -0.39 399 -0.4051526227112241
302 249 230 433 197 -0.39 399 -1.836516386870212
302 249 222 452 218 -0.39 400 -3.2678801510291997
302 249 221 454 220 -0.40 400 -3.2678801510291997
302 249 220 457 223 -0.39 400 -3.2678801510291997
302 249 219 459 225 -0.40 400 -3.7450014057488623
226 250 389 294 168 3.70 -701 -0.4051526227112241
226 250 396 296 176 3.70 -698 -0.8822738774308867
226 250 408 299 188 3.71 -703 -1.3593951321505493
226 250 411 300 191 3.70 -699 -1.836516386870212
226 250 414 301 194 3.69 -696 -1.836516386870212
226 250 426 304 207 3.70 -700 -2.790758896309537
226 250 433 306 214 3.70 -699 -2.790758896309537
226 250 445 309 226 3.71 -702 -3.7450014057488623
226 250 448 310 229 3.70 -699 -3.7450014057488623
226 250 451 311 233 3.69 -697 -3.7450014057488623
226 250 463 314 245 3.70 -700 -4.699243915188186
226 250 467 315 249 3.71 -701 -4.699243915188186
226 250 471 316 253 3.71 -703 -5.176365169907848
226 250 474 317 256 3.70 -700 -5.176365169907848
229 251 389 294 165 3.72 -705 -0.4051526227112241
229 251 396 296 172 3.71 -703 -0.8822738774308867
229 251 408 299 185 3.73 -708 -1.3593951321505493
229 251 411 300 188 3.71 -704 -1.3593951321505493
229 251 414 301 191 3.70 -700 -1.836516386870212
229 251 426 304 204 3.72 -704 -2.3136376415898745
229 251 433 306 211 3.71 -702 -2.790758896309537
229 251 445 309 223 3.72 -706 -3.2678801510291997
229 251 448 310 226 3.71 -703 -3.7450014057488623
229 251 451 311 229 3.70 -700 -3.7450014057488623
229 251 463 314 242 3.71 -704 -4.222122660468525
229 251 467 315 246 3.72 -705 -4.699243915188186
229 251 471 316 250 3.72 -706 -4.699243915188186
229 251 474 317 253 3.71 -703 -5.176365169907848
301 252 230 433 194 -0.39 399 -1.836516386870212
301 252 222 452 215 -0.40 400 -2.790758896309537
301 252 221 454 217 -0.40 400 -3.2678801510291997
301 252 220 457 220 -0.40 400 -3.2678801510291997
301 252 219 459 222 -0.40 400 -3.2678801510291997
241 254 408 299 172 3.71 -702 -0.8822738774308867
241 254 411 300 176 3.70 -698 -0.8822738774308867
241 254 414 301 179 3.68 -694 -0.8822738774308867
241 254 426 304 191 3.70 -699 -1.836516386870212
241 254 433 306 198 3.69 -697 -2.3136376415898745
241 254 445 309 211 3.71 -702 -2.790758896309537
241 254 448 310 214 3.70 -698 -2.790758896309537
241 254 451 311 217 3.68 -695 -3.2678801510291997
241 254 463 314 229 3.70 -699 -3.7450014057488623
241 254 467 315 234 3.70 -701 -4.222122660468525
241 254 471 316 238 3.71 -702 -4.222122660468525
241 254 474 317 241 3.70 -699 -4.222122660468525
81 255 267 116 232 -1.34 422 -0.11624141735255478
81 255 264 118 228 -1.34 421 -0.11624141735255478
248 256 408 299 165 3.72 -705 -0.4051526227112241
248 256 411 300 168 3.70 -701 -0.4051526227112241
248 256 414 301 171 3.69 -697 -0.8822738774308867
248 256 426 304 184 3.71 -702 -1.3593951321505493
248 256 433 306 191 3.70 -700 -1.836516386870212
248 256 445 309 204 3.72 -704 -2.3136376415898745
248 256 448 310 207 3.70 -701 -2.790758896309537
248 256 451 311 210 3.69 -697 -2.790758896309537
248 256 463 314 222 3.71 -701 -3.2678801510291997
248 256 467 315 226 3.71 -703 -3.7450014057488623
248 256 471 316 230 3.72 -704 -3.7450014057488623
248 256 474 317 234 3.70 -701 -4.222122660468525
77 258 267 116 237 -1.34 422 -2.0802858343642185
77 258 264 118 233 -1.34 421 -1.6205409943624751
77 258 260 121 228 -1.34 421 -1.6205409943624751
77 258 256 124 223 -1.34 421 -1.1615205826913133
77 258 252 127 218 -1.34 421 -1.1615205826913133
77 258 248 130 213 -1.34 421 -0.7032876503294538
77 258 244 133 208 -1.34 421 -0.7032876503294538
77 258 240 136 203 -1.34 421 -0.24591385724966486
77 258 236 139 198 -1.34 421 -0.24591385724966486
260 259 426 304 171 3.69 -696 -0.8822738774308867
260 259 433 306 179 3.68 -694 -0.8822738774308867
260 259 445 309 191 3.70 -699 -1.836516386870212
260 259 448 310 194 3.69 -695 -1.836516386870212
260 259 451 311 197 3.67 -692 -1.836516386870212
260 259 463 314 210 3.69 -696 -2.790758896309537
260 259 467 315 214 3.70 -698 -2.790758896309537
260 259 471 316 218 3.70 -699 -3.2678801510291997
260 259 474 317 221 3.69 -696 -3.2678801510291997
263 260 426 304 168 3.70 -701 -0.4051526227112241
263 260 433 306 176 3.70 -698 -0.8822738774308867
263 260 445 309 188 3.71 -703 -1.3593951321505493
263 260 448 310 191 3.70 -699 -1.836516386870212
263 260 451 311 194 3.69 -696 -1.836516386870212
263 260 463 314 207 3.70 -700 -2.790758896309537
263 260 467 315 211 3.71 -702 -2.790758896309537
263 260 471 316 215 3.71 -703 -2.790758896309537
263 260 474 317 218 3.70 -700 -3.2678801510291997
73 261 267 116 242 -1.34 422 -0.5578854143057974
73 261 264 118 238 -1.34 421 -0.5578854143057974
73 261 260 121 233 -1.34 421 -0.11624141735255478
73 261 256 124 228 -1.34 421 -0.11624141735255478
266 261 426 304 165 3.72 -706 -0.4051526227112241
266 261 433 306 172 3.71 -703 -0.8822738774308867
266 261 445 309 185 3.73 -708 -1.3593951321505493
266 261 448 310 188 3.71 -704 -1.3593951321505493
266 261 451 311 191 3.70 -700 -1.836516386870212
266 261 463 314 204 3.72 -705 -2.3136376415898745
266 261 467 315 208 3.72 -706 -2.790758896309537
266 261 471 316 212 3.73 -707 -2.790758896309537
266 261 474 317 215 3.71 -704 -2.790758896309537
295 268 463 314 174 3.65 -684 -0.8822738774308867
295 268 467 315 178 3.66 -686 -0.8822738774308867
295 268 471 316 182 3.67 -688 -1.3593951321505493
295 268 474 317 185 3.65 -685 -1.3593951321505493
295 268 230 433 177 -0.39 400 -0.8822738774308867
295 268 222 452 197 -0.40 401 -1.836516386870212
295 268 221 454 200 -0.40 401 -2.3136376415898745
295 268 220 457 203 -0.40 401 -2.3136376415898745
295 268 219 459 205 -0.40 401 -2.3136376415898745
315 274 474 317 164 3.70 -699 -0.4051526227112241
288 285 222 452 179 -0.40 400 -0.8822738774308867
288 285 221 454 181 -0.40 400 -1.3593951321505493
288 285 220 457 184 -0.40 400 -1.3593951321505493
288 285 219 459 187 -0.40 401 -1.3593951321505493
359 286 142 226 225 3.62 -676 -0.11624141735255478
359 286 200 243 164 3.70 -699 -0.4051526227112241
287 287 222 452 177 -0.39 400 -0.8822738774308867
287 287 221 454 179 -0.40 400 -0.8822738774308867
287 287 220 457 182 -0.39 400 -1.3593951321505493
287 287 219 459 184 -0.40 400 -1.3593951321505493
371 289 200 243 177 3.72 -704 -0.8822738774308867
371 289 204 244 172 3.71 -702 -0.8822738774308867
371 289 208 245 168 3.70 -700 -0.4051526227112241
371 289 211 246 165 3.72 -705 -0.4051526227112241
286 290 222 452 174 -0.40 400 -0.8822738774308867
286 290 221 454 176 -0.40 400 -0.8822738774308867
286 290 220 457 179 -0.40 400 -0.8822738774308867
286 290 219 459 181 -0.40 400 -1.3593951321505493
374 290 142 226 240 3.62 -678 -0.5578854143057974
374 290 200 243 180 3.70 -700 -1.3593951321505493
374 290 204 244 176 3.70 -698 -0.8822738774308867
374 290 208 245 171 3.69 -696 -0.8822738774308867
374 290 211 246 168 3.70 -701 -0.4051526227112241
377 291 131 219 256 3.42 -618 -0.13271428629370163
377 291 142 226 243 3.62 -676 -1.0009224996964754
377 291 200 243 183 3.69 -697 -1.3593951321505493
377 291 204 244 179 3.68 -695 -0.8822738774308867
377 291 208 245 175 3.67 -693 -0.8822738774308867
377 291 211 246 171 3.69 -697 -0.8822738774308867
285 292 222 452 171 -0.39 399 -0.8822738774308867
285 292 221 454 174 -0.40 400 -0.8822738774308867
285 292 220 457 177 -0.39 400 -0.8822738774308867
285 292 219 459 179 -0.40 400 -0.8822738774308867
389 294 131 219 268 3.44 -623 -0.5615253099660968
389 294 142 226 256 3.63 -679 -0.13271428629370163
389 294 200 243 195 3.71 -701 -1.836516386870212
389 294 204 244 191 3.70 -699 -1.836516386870212
389 294 208 245 187 3.69 -697 -1.3593951321505493
389 294 211 246 184 3.71 -702 -1.3593951321505493
389 294 223 249 171 3.69 -696 -0.8822738774308867
389 294 226 250 168 3.70 -701 -0.4051526227112241
389 294 229 251 165 3.72 -705 -0.4051526227112241
284 295 222 452 168 -0.39 400 -0.4051526227112241
284 295 221 454 171 -0.40 400 -0.8822738774308867
284 295 220 457 174 -0.40 400 -0.8822738774308867
284 295 219 459 176 -0.40 400 -0.8822738774308867
396 296 131 219 275 3.44 -623 -0.9920654472170014
396 296 142 226 263 3.63 -679 -0.5615253099660968
396 296 200 243 203 3.70 -699 -2.3136376415898745
396 296 204 244 198 3.69 -697 -2.3136376415898745
396 296 208 245 194 3.69 -696 -1.836516386870212
396 296 211 246 191 3.70 -700 -1.836516386870212
396 296 223 249 179 3.68 -694 -0.8822738774308867
396 296 226 250 176 3.70 -698 -0.8822738774308867
396 296 229 251 172 3.71 -703 -0.8822738774308867
408 299 131 219 288 3.46 -628 -1.8578665987862735
408 299 142 226 275 3.64 -682 -0.9920654472170014
408 299 200 243 215 3.71 -703 -2.790758896309537
408 299 204 244 211 3.71 -702 -2.790758896309537
408 299 208 245 207 3.70 -700 -2.790758896309537
408 299 211 246 204 3.72 -704 -2.3136376415898745
408 299 223 249 191 3.70 -699 -1.836516386870212
408 299 226 250 188 3.71 -703 -1.3593951321505493
408 299 229 251 185 3.73 -708 -1.3593951321505493
408 299 241 254 172 3.71 -702 -0.8822738774308867
408 299 248 256 165 3.72 -705 -0.4051526227112241
411 300 131 219 291 3.46 -627 -1.8578665987862735
411 300 142 226 278 3.64 -680 -2.3373949153394378
411 300 200 243 218 3.70 -700 -3.2678801510291997
411 300 204 244 214 3.70 -698 -2.790758896309537
411 300 208 245 210 3.69 -697 -2.790758896309537
411 300 211 246 207 3.70 -701 -2.790758896309537
411 300 223 249 194 3.69 -695 -1.836516386870212
411 300 226 250 191 3.70 -699 -1.836516386870212
411 300 229 251 188 3.71 -704 -1.3593951321505493
411 300 241 254 176 3.70 -698 -0.8822738774308867
411 300 248 256 168 3.70 -701 -0.4051526227112241
414 301 131 219 294 3.45 -625 -1.8578665987862735
414 301 142 226 282 3.63 -678 -1.4242150799535658
414 301 200 243 221 3.69 -697 -3.2678801510291997
414 301 204 244 217 3.68 -695 -3.2678801510291997
414 301 208 245 213 3.68 -694 -2.790758896309537
414 301 211 246 210 3.69 -697 -2.790758896309537
414 301 223 249 197 3.67 -692 -1.836516386870212
414 301 226 250 194 3.69 -696 -1.836516386870212
414 301 229 251 191 3.70 -700 -1.836516386870212
414 301 241 254 179 3.68 -694 -0.8822738774308867
414 301 248 256 171 3.69 -697 -0.8822738774308867
426 304 131 219 307 3.47 -630 -1.4865671430349394
426 304 142 226 294 3.64 -681 -1.8578665987862735
426 304 200 243 234 3.70 -701 -4.222122660468525
426 304 204 244 229 3.70 -699 -3.7450014057488623
426 304 208 245 225 3.69 -698 -3.7450014057488623
426 304 211 246 222 3.71 -701 -3.2678801510291997
426 304 223 249 210 3.69 -697 -2.790758896309537
426 304 226 250 207 3.70 -700 -2.790758896309537
426 304 229 251 204 3.72 -704 -2.3136376415898745
426 304 241 254 191 3.70 -699 -1.836516386870212
426 304 248 256 184 3.71 -702 -1.3593951321505493
426 304 260 259 171 3.69 -696 -0.8822738774308867
426 304 263 260 168 3.70 -701 -0.4051526227112241
426 304 266 261 165 3.72 -706 -0.4051526227112241
280 305 220 457 163 -0.39 400 -0.4051526227112241
280 305 219 459 165 -0.40 400 -0.4051526227112241
433 306 131 219 314 3.47 -630 -2.7292958048186478
433 306 142 226 301 3.64 -681 -2.2929228462927878
433 306 200 243 241 3.70 -699 -4.222122660468525
433 306 204 244 237 3.69 -698 -4.222122660468525
433 306 208 245 233 3.69 -696 -3.7450014057488623
433 306 211 246 229 3.70 -700 -3.7450014057488623
433 306 223 249 217 3.68 -695 -3.2678801510291997
433 306 226 250 214 3.70 -699 -2.790758896309537
433 306 229 251 211 3.71 -702 -2.790758896309537
433 306 241 254 198 3.69 -697 -2.3136376415898745
433 306 248 256 191 3.70 -700 -1.836516386870212
433 306 260 259 179 3.68 -694 -0.8822738774308867
433 306 263 260 176 3.70 -698 -0.8822738774308867
433 306 266 261 172 3.71 -703 -0.8822738774308867
445 309 131 219 326 3.49 -634 -2.3353644689357242
445 309 142 226 314 3.65 -684 -4.1336088250261405
445 309 200 243 253 3.71 -703 -5.176365169907848
445 309 204 244 249 3.71 -701 -4.699243915188186
445 309 208 245 245 3.70 -700 -4.699243915188186
445 309 211 246 242 3.71 -703 -4.222122660468525
445 309 223 249 229 3.70 -699 -3.7450014057488623
445 309 226 250 226 3.71 -702 -3.7450014057488623
445 309 229 251 223 3.72 -706 -3.2678801510291997
445 309 241 254 211 3.71 -702 -2.790758896309537
445 309 248 256 204 3.72 -704 -2.3136376415898745
445 309 260 259 191 3.70 -699 -1.836516386870212
445 309 263 260 188 3.71 -703 -1.3593951321505493
445 309 266 261 185 3.73 -708 -1.3593951321505493
278 310 339 156 165 -0.40 400 -0.4051526227112241
278 310 338 158 163 -0.39 400 -0.4051526227112241
448 310 131 219 329 3.48 -632 -3.605678973180135
448 310 142 226 317 3.64 -682 -3.166905484089874
448 310 200 243 256 3.70 -700 -5.176365169907848
448 310 204 244 252 3.70 -699 -5.176365169907848
448 310 208 245 248 3.69 -697 -4.699243915188186
448 310 211 246 245 3.70 -700 -4.699243915188186
448 310 223 249 233 3.69 -696 -3.7450014057488623
448 310 226 250 229 3.70 -699 -3.7450014057488623
448 310 229 251 226 3.71 -703 -3.7450014057488623
448 310 241 254 214 3.70 -698 -2.790758896309537
448 310 248 256 207 3.70 -701 -2.790758896309537
448 310 260 259 194 3.69 -695 -1.836516386870212
448 310 263 260 191 3.70 -699 -1.836516386870212
448 310 266 261 188 3.71 -704 -1.3593951321505493
451 311 131 219 332 3.48 -631 -3.605678973180135
451 311 142 226 320 3.64 -680 -3.166905484089874
451 311 200 243 260 3.69 -697 -5.176365169907848
451 311 204 244 255 3.69 -696 -5.176365169907848
451 311 208 245 251 3.68 -695 -4.699243915188186
451 311 211 246 248 3.69 -698 -4.699243915188186
451 311 223 249 236 3.68 -693 -4.222122660468525
451 311 226 250 233 3.69 -697 -3.7450014057488623
451 311 229 251 229 3.70 -700 -3.7450014057488623
451 311 241 254 217 3.68 -695 -3.2678801510291997
451 311 248 256 210 3.69 -697 -2.790758896309537
451 311 260 259 197 3.67 -692 -1.836516386870212
451 311 263 260 194 3.69 -696 -1.836516386870212
451 311 266 261 191 3.70 -700 -1.836516386870212
463 314 131 219 345 3.49 -635 -4.486456375092377
463 314 142 226 332 3.65 -683 -5.036728359479476
463 314 200 243 272 3.70 -701 -6.1306076793471735
463 314 204 244 268 3.70 -699 -5.653486424627511
463 314 208 245 264 3.70 -698 -5.653486424627511
463 314 211 246 261 3.71 -701 -5.653486424627511
463 314 223 249 248 3.69 -697 -4.699243915188186
463 314 226 250 245 3.70 -700 -4.699243915188186
463 314 229 251 242 3.71 -704 -4.222122660468525
463 314 241 254 229 3.70 -699 -3.7450014057488623
463 314 248 256 222 3.71 -701 -3.2678801510291997
463 314 260 259 210 3.69 -696 -2.790758896309537
463 314 263 260 207 3.70 -700 -2.790758896309537
463 314 266 261 204 3.72 -705 -2.3136376415898745
463 314 295 268 174 3.65 -684 -0.8822738774308867
467 315 131 219 349 3.50 -636 -4.486456375092377
467 315 142 226 336 3.65 -684 -4.045549628509711
467 315 200 243 276 3.71 -702 -6.1306076793471735
467 315 204 244 272 3.70 -700 -6.1306076793471735
467 315 208 245 268 3.70 -699 -5.653486424627511
467 315 211 246 265 3.71 -702 -5.653486424627511
467 315 223 249 252 3.70 -698 -5.176365169907848
467 315 226 250 249 3.71 -701 -4.699243915188186
467 315 229 251 246 3.72 -705 -4.699243915188186
467 315 241 254 234 3.70 -701 -4.222122660468525
467 315 248 256 226 3.71 -703 -3.7450014057488623
467 315 260 259 214 3.70 -698 -2.790758896309537
467 315 263 260 211 3.71 -702 -2.790758896309537
467 315 266 261 208 3.72 -706 -2.790758896309537
467 315 295 268 178 3.66 -686 -0.8822738774308867
471 316 131 219 353 3.51 -637 -3.619680832706246
471 316 142 226 341 3.66 -685 -5.489374224165644
471 316 200 243 280 3.71 -703 -6.607728934066836
471 316 204 244 276 3.71 -701 -6.1306076793471735
471 316 208 245 272 3.70 -700 -6.1306076793471735
471 316 211 246 269 3.71 -703 -5.653486424627511
471 316 223 249 256 3.70 -699 -5.176365169907848
471 316 226 250 253 3.71 -703 -5.176365169907848
471 316 229 251 250 3.72 -706 -4.699243915188186
471 316 241 254 238 3.71 -702 -4.222122660468525
471 316 248 256 230 3.72 -704 -3.7450014057488623
471 316 260 259 218 3.70 -699 -3.2678801510291997
471 316 263 260 215 3.71 -703 -2.790758896309537
471 316 266 261 212 3.73 -707 -2.790758896309537
471 316 295 268 182 3.67 -688 -1.3593951321505493
474 317 131 219 356 3.50 -636 -4.928343102580056
474 317 142 226 344 3.65 -683 -4.486456375092377
474 317 200 243 283 3.70 -700 -6.607728934066836
474 317 204 244 279 3.70 -699 -6.607728934066836
474 317 208 245 275 3.69 -698 -6.1306076793471735
474 317 211 246 272 3.70 -701 -6.1306076793471735
474 317 223 249 260 3.69 -697 -5.176365169907848
474 317 226 250 256 3.70 -700 -5.176365169907848
474 317 229 251 253 3.71 -703 -5.176365169907848
474 317 241 254 241 3.70 -699 -4.222122660468525
474 317 248 256 234 3.70 -701 -4.222122660468525
474 317 260 259 221 3.69 -696 -3.2678801510291997
474 317 263 260 218 3.70 -700 -3.2678801510291997
474 317 266 261 215 3.71 -704 -2.790758896309537
474 317 295 268 185 3.65 -685 -1.3593951321505493
474 317 315 274 164 3.70 -699 -0.4051526227112241
274 320 339 156 176 -0.40 400 -0.8822738774308867
274 320 338 158 174 -0.40 400 -0.8822738774308867
274 320 336 163 168 -0.39 400 -0.4051526227112241
274 320 335 166 165 -0.40 400 -0.4051526227112241
274 320 334 168 163 -0.39 400 -0.4051526227112241
273 323 339 156 179 -0.40 400 -0.8822738774308867
273 323 338 158 177 -0.39 400 -0.8822738774308867
273 323 336 163 171 -0.39 400 -0.8822738774308867
273 323 335 166 168 -0.39 400 -0.4051526227112241
273 323 334 168 166 -0.39 400 -0.4051526227112241
273 323 333 171 163 -0.39 400 -0.4051526227112241
272 325 339 156 181 -0.40 400 -1.3593951321505493
272 325 338 158 179 -0.40 400 -0.8822738774308867
272 325 336 163 174 -0.40 400 -0.8822738774308867
272 325 335 166 171 -0.40 400 -0.8822738774308867
272 325 334 168 168 -0.39 400 -0.4051526227112241
272 325 333 171 165 -0.40 400 -0.4051526227112241
271 328 339 156 184 -0.40 400 -1.3593951321505493
271 328 338 158 182 -0.39 400 -1.3593951321505493
271 328 336 163 177 -0.39 400 -0.8822738774308867
271 328 335 166 174 -0.40 400 -0.8822738774308867
271 328 334 168 171 -0.39 400 -0.8822738774308867
271 328 333 171 168 -0.39 400 -0.4051526227112241
270 330 339 156 187 -0.40 400 -1.3593951321505493
270 330 338 158 184 -0.40 400 -1.3593951321505493
270 330 336 163 179 -0.40 400 -0.8822738774308867
270 330 335 166 176 -0.40 400 -0.8822738774308867
270 330 334 168 174 -0.40 400 -0.8822738774308867
270 330 333 171 171 -0.40 400 -0.8822738774308867
269 333 339 156 190 -0.40 400 -1.836516386870212
269 333 338 158 188 -0.39 400 -1.3593951321505493
269 333 336 163 182 -0.39 400 -1.3593951321505493
269 333 335 166 179 -0.40 400 -0.8822738774308867
269 333 334 168 177 -0.39 400 -0.8822738774308867
269 333 333 171 174 -0.40 400 -0.8822738774308867
264 346 339 156 204 -0.39 400 -2.3136376415898745
264 346 338 158 202 -0.39 400 -2.3136376415898745
264 346 336 163 196 -0.39 400 -1.836516386870212
264 346 335 166 193 -0.39 400 -1.836516386870212
264 346 334 168 191 -0.39 400 -1.836516386870212
264 346 333 171 188 -0.39 400 -1.3593951321505493
264 346 328 184 174 -0.40 400 -0.8822738774308867
264 346 327 186 171 -0.39 400 -0.8822738774308867
264 346 326 188 169 -0.39 399 -0.4051526227112241
263 348 339 156 206 -0.40 400 -2.3136376415898745
263 348 338 158 204 -0.39 400 -2.3136376415898745
263 348 336 163 198 -0.39 400 -2.3136376415898745
263 348 335 166 195 -0.40 400 -1.836516386870212
263 348 334 168 193 -0.39 400 -1.836516386870212
263 348 333 171 190 -0.40 400 -1.836516386870212
263 348 328 184 176 -0.40 400 -0.8822738774308867
263 348 327 186 174 -0.40 400 -0.8822738774308867
263 348 326 188 171 -0.39 400 -0.8822738774308867
262 350 339 156 208 -0.40 400 -2.790758896309537
262 350 338 158 206 -0.40 400 -2.3136376415898745
262 350 336 163 201 -0.40 400 -2.3136376415898745
262 350 335 166 197 -0.40 400 -1.836516386870212
262 350 334 168 195 -0.40 400 -1.836516386870212
262 350 333 171 192 -0.40 400 -1.836516386870212
262 350 328 184 178 -0.40 401 -0.8822738774308867
262 350 327 186 176 -0.40 400 -0.8822738774308867
262 350 326 188 174 -0.40 400 -0.8822738774308867
257 363 339 156 222 -0.40 400 -3.2678801510291997
257 363 338 158 220 -0.40 400 -3.2678801510291997
257 363 336 163 215 -0.40 400 -2.790758896309537
257 363 335 166 211 -0.40 400 -2.790758896309537
257 363 334 168 209 -0.39 400 -2.790758896309537
257 363 333 171 206 -0.40 400 -2.3136376415898745
257 363 328 184 192 -0.40 400 -1.836516386870212
257 363 327 186 190 -0.40 400 -1.836516386870212
257 363 326 188 188 -0.39 400 -1.3593951321505493
257 363 321 201 174 -0.40 400 -0.8822738774308867
257 363 320 204 171 -0.40 400 -0.8822738774308867
257 363 319 206 168 -0.39 400 -0.4051526227112241
257 363 318 209 165 -0.40 400 -0.4051526227112241
257 363 317 211 163 -0.39 400 -0.4051526227112241
256 366 339 156 225 -0.40 400 -3.7450014057488623
256 366 338 158 223 -0.39 400 -3.2678801510291997
256 366 336 163 218 -0.39 400 -3.2678801510291997
256 366 335 166 215 -0.40 400 -2.790758896309537
256 366 334 168 212 -0.39 400 -2.790758896309537
256 366 333 171 209 -0.39 400 -2.790758896309537
256 366 328 184 195 -0.40 400 -1.836516386870212
256 366 327 186 193 -0.39 400 -1.836516386870212
256 366 326 188 191 -0.39 399 -1.836516386870212
256 366 321 201 177 -0.39 400 -0.8822738774308867
256 366 320 204 174 -0.40 400 -0.8822738774308867
256 366 319 206 171 -0.39 400 -0.8822738774308867
256 366 318 209 168 -0.39 400 -0.4051526227112241
256 366 317 211 166 -0.39 400 -0.4051526227112241
256 366 316 214 163 -0.39 400 -0.4051526227112241
255 368 339 156 228 -0.40 400 -3.7450014057488623
255 368 338 158 225 -0.40 400 -3.7450014057488623
255 368 336 163 220 -0.40 400 -3.2678801510291997
255 368 335 166 217 -0.40 400 -3.2678801510291997
255 368 334 168 215 -0.40 400 -2.790758896309537
255 368 333 171 211 -0.40 400 -2.790758896309537
255 368 328 184 197 -0.40 401 -1.836516386870212
255 368 327 186 195 -0.40 400 -1.836516386870212
255 368 326 188 193 -0.39 400 -1.836516386870212
255 368 321 201 179 -0.40 400 -0.8822738774308867
255 368 320 204 176 -0.40 400 -0.8822738774308867
255 368 319 206 174 -0.40 400 -0.8822738774308867
255 368 318 209 171 -0.40 400 -0.8822738774308867
255 368 317 211 168 -0.39 400 -0.4051526227112241
255 368 316 214 165 -0.40 400 -0.4051526227112241
254 371 339 156 231 -0.40 400 -3.7450014057488623
254 371 338 158 228 -0.39 400 -3.7450014057488623
254 371 336 163 223 -0.39 400 -3.2678801510291997
254 371 335 166 220 -0.40 400 -3.2678801510291997
254 371 334 168 218 -0.39 400 -3.2678801510291997
254 371 333 171 215 -0.40 400 -2.790758896309537
254 371 328 184 201 -0.40 400 -2.3136376415898745
254 371 327 186 198 -0.39 400 -2.3136376415898745
254 371 326 188 196 -0.39 399 -1.836516386870212
254 371 321 201 182 -0.39 400 -1.3593951321505493
254 371 320 204 179 -0.40 400 -0.8822738774308867
254 371 319 206 177 -0.39 400 -0.8822738774308867
254 371 318 209 174 -0.40 400 -0.8822738774308867
254 371 317 211 171 -0.39 400 -0.8822738774308867
254 371 316 214 168 -0.39 400 -0.4051526227112241
468 400 305 423 164 -7.09 3302 -0.4051526227112241
468 400 299 424 170 -7.04 3284 -0.4051526227112241
468 400 268 428 201 -7.14 3325 -2.3136376415898745
468 400 262 429 208 -7.10 3309 -2.790758896309537
468 400 255 430 215 -7.10 3308 -2.790758896309537
468 400 230 433 240 -7.21 3352 -4.222122660468525
468 400 190 439 280 -7.13 3319 -6.607728934066836
468 400 184 440 286 -7.10 3308 -6.607728934066836
468 400 177 441 293 -7.10 3307 -7.084850188786499
461 401 299 424 163 -7.04 3285 -0.4051526227112241
461 401 268 428 194 -7.15 3327 -1.836516386870212
461 401 262 429 200 -7.11 3310 -2.3136376415898745
461 401 255 430 208 -7.10 3309 -2.790758896309537
461 401 230 433 233 -7.22 3355 -3.7450014057488623
461 401 190 439 273 -7.13 3320 -6.1306076793471735
461 401 184 440 279 -7.10 3309 -6.607728934066836
461 401 177 441 286 -7.10 3308 -6.607728934066836
242 402 339 156 264 -0.39 400 -5.653486424627511
242 402 338 158 262 -0.39 400 -5.653486424627511
242 402 336 163 256 -0.39 400 -5.176365169907848
242 402 335 166 253 -0.39 400 -5.176365169907848
242 402 334 168 251 -0.39 400 -4.699243915188186
242 402 333 171 248 -0.39 400 -4.699243915188186
242 402 328 184 234 -0.39 400 -4.222122660468525
242 402 327 186 232 -0.39 400 -3.7450014057488623
242 402 326 188 229 -0.39 399 -3.7450014057488623
242 402 321 201 215 -0.39 400 -2.790758896309537
242 402 320 204 212 -0.39 400 -2.790758896309537
242 402 319 206 210 -0.39 399 -2.790758896309537
242 402 318 209 207 -0.39 400 -2.790758896309537
242 402 317 211 205 -0.39 399 -2.3136376415898745
242 402 316 214 202 -0.39 400 -2.3136376415898745
242 402 311 227 188 -0.39 400 -1.3593951321505493
242 402 310 229 185 -0.39 400 -1.3593951321505493
242 402 309 231 183 -0.39 399 -1.3593951321505493
242 402 304 244 169 -0.39 399 -0.4051526227112241
242 402 303 247 166 -0.39 400 -0.4051526227112241
242 402 302 249 164 -0.39 399 -0.4051526227112241
455 402 268 428 188 -7.19 3346 -1.3593951321505493
455 402 262 429 194 -7.15 3328 -1.836516386870212
455 402 255 430 201 -7.14 3326 -2.3136376415898745
455 402 230 433 227 -7.26 3372 -3.7450014057488623
455 402 190 439 267 -7.16 3334 -5.653486424627511
455 402 184 440 273 -7.13 3321 -6.1306076793471735
455 402 177 441 280 -7.13 3320 -6.607728934066836
424 406 262 429 163 -7.04 3283 -0.4051526227112241
424 406 255 430 170 -7.04 3282 -0.4051526227112241
424 406 230 433 195 -7.19 3341 -1.836516386870212
424 406 190 439 236 -7.09 3302 -4.222122660468525
424 406 184 440 242 -7.06 3289 -4.222122660468525
424 406 177 441 249 -7.06 3289 -4.699243915188186
418 407 255 430 164 -7.09 3302 -0.4051526227112241
418 407 230 433 189 -7.23 3360 -1.836516386870212
418 407 190 439 230 -7.12 3317 -3.7450014057488623
418 407 184 440 236 -7.09 3304 -4.222122660468525
418 407 177 441 243 -7.09 3302 -4.699243915188186
411 408 230 433 182 -7.24 3364 -1.3593951321505493
411 408 190 439 223 -7.13 3319 -3.2678801510291997
411 408 184 440 229 -7.09 3305 -3.7450014057488623
411 408 177 441 236 -7.09 3304 -4.222122660468525
404 409 230 433 175 -7.25 3369 -0.8822738774308867
404 409 190 439 216 -7.13 3321 -3.2678801510291997
404 409 184 440 222 -7.10 3306 -3.2678801510291997
404 409 177 441 229 -7.09 3305 -3.7450014057488623
397 410 230 433 168 -7.26 3373 -0.4051526227112241
397 410 190 439 209 -7.14 3323 -2.790758896309537
397 410 184 440 215 -7.10 3308 -2.790758896309537
397 410 177 441 222 -7.10 3306 -3.2678801510291997
390 411 190 439 201 -7.14 3325 -2.3136376415898745
390 411 184 440 208 -7.10 3309 -2.790758896309537
390 411 177 441 215 -7.10 3308 -2.790758896309537
383 412 190 439 194 -7.15 3328 -1.836516386870212
383 412 184 440 200 -7.11 3311 -2.3136376415898745
383 412 177 441 208 -7.10 3309 -2.790758896309537
377 413 190 439 188 -7.19 3347 -1.3593951321505493
377 413 184 440 194 -7.15 3329 -1.836516386870212
377 413 177 441 201 -7.14 3327 -2.3136376415898745
346 417 184 440 163 -7.04 3283 -0.4051526227112241
346 417 177 441 170 -7.04 3282 -0.4051526227112241
340 418 177 441 164 -7.09 3302 -0.4051526227112241
305 423 468 400 164 -7.09 3302 -0.4051526227112241
299 424 468 400 170 -7.04 3284 -0.4051526227112241
299 424 461 401 163 -7.04 3285 -0.4051526227112241
268 428 468 400 201 -7.14 3325 -2.3136376415898745
268 428 461 401 194 -7.15 3327 -1.836516386870212
268 428 455 402 188 -7.19 3346 -1.3593951321505493
262 429 468 400 208 -7.10 3309 -2.790758896309537
262 429 461 401 200 -7.11 3310 -2.3136376415898745
262 429 455 402 194 -7.15 3328 -1.836516386870212
262 429 424 406 163 -7.04 3283 -0.4051526227112241
255 430 468 400 215 -7.10 3308 -2.790758896309537
255 430 461 401 208 -7.10 3309 -2.790758896309537
255 430 455 402 201 -7.14 3326 -2.3136376415898745
255 430 424 406 170 -7.04 3282 -0.4051526227112241
255 430 418 407 164 -7.09 3302 -0.4051526227112241
230 433 339 156 297 -0.39 400 -7.561971443506161
230 433 338 158 295 -0.39 400 -7.084850188786499
230 433 336 163 290 -0.39 399 -7.084850188786499
230 433 335 166 286 -0.39 400 -6.607728934066836
230 433 334 168 284 -0.39 399 -6.607728934066836
230 433 333 171 281 -0.39 400 -6.607728934066836
230 433 328 184 267 -0.39 400 -5.653486424627511
230 433 327 186 265 -0.39 400 -5.653486424627511
230 433 326 188 263 -0.39 399 -5.653486424627511
230 433 321 201 249 -0.39 399 -4.699243915188186
230 433 320 204 246 -0.39 400 -4.699243915188186
230 433 319 206 243 -0.39 399 -4.699243915188186
230 433 318 209 240 -0.39 400 -4.222122660468525
230 433 317 211 238 -0.39 399 -4.222122660468525
230 433 316 214 235 -0.39 400 -4.222122660468525
230 433 311 227 221 -0.39 400 -3.2678801510291997
230 433 310 229 219 -0.39 399 -3.2678801510291997
230 433 309 231 216 -0.39 399 -3.2678801510291997
230 433 304 244 202 -0.39 399 -2.3136376415898745
230 433 303 247 199 -0.39 399 -2.3136376415898745
230 433 302 249 197 -0.39 399 -1.836516386870212
230 433 301 252 194 -0.39 399 -1.836516386870212
230 433 295 268 177 -0.39 400 -0.8822738774308867
230 433 468 400 240 -7.21 3352 -4.222122660468525
230 433 461 401 233 -7.22 3355 -3.7450014057488623
230 433 455 402 227 -7.26 3372 -3.7450014057488623
230 433 424 406 195 -7.19 3341 -1.836516386870212
230 433 418 407 189 -7.23 3360 -1.836516386870212
230 433 411 408 182 -7.24 3364 -1.3593951321505493
230 433 404 409 175 -7.25 3369 -0.8822738774308867
230 433 397 410 168 -7.26 3373 -0.4051526227112241
190 439 468 400 280 -7.13 3319 -6.607728934066836
190 439 461 401 273 -7.13 3320 -6.1306076793471735
190 439 455 402 267 -7.16 3334 -5.653486424627511
190 439 424 406 236 -7.09 3302 -4.222122660468525
190 439 418 407 230 -7.12 3317 -3.7450014057488623
190 439 411 408 223 -7.13 3319 -3.2678801510291997
190 439 404 409 216 -7.13 3321 -3.2678801510291997
190 439 397 410 209 -7.14 3323 -2.790758896309537
190 439 390 411 201 -7.14 3325 -2.3136376415898745
190 439 383 412 194 -7.15 3328 -1.836516386870212
190 439 377 413 188 -7.19 3347 -1.3593951321505493
184 440 468 400 286 -7.10 3308 -6.607728934066836
184 440 461 401 279 -7.10 3309 -6.607728934066836
184 440 455 402 273 -7.13 3321 -6.1306076793471735
184 440 424 406 242 -7.06 3289 -4.222122660468525
184 440 418 407 236 -7.09 3304 -4.222122660468525
184 440 411 408 229 -7.09 3305 -3.7450014057488623
184 440 404 409 222 -7.10 3306 -3.2678801510291997
184 440 397 410 215 -7.10 3308 -2.790758896309537
184 440 390 411 208 -7.10 3309 -2.790758896309537
184 440 383 412 200 -7.11 3311 -2.3136376415898745
184 440 377 413 194 -7.15 3329 -1.836516386870212
184 440 346 417 163 -7.04 3283 -0.4051526227112241
177 441 468 400 293 -7.10 3307 -7.084850188786499
177 441 461 401 286 -7.10 3308 -6.607728934066836
177 441 455 402 280 -7.13 3320 -6.607728934066836
177 441 424 406 249 -7.06 3289 -4.699243915188186
177 441 418 407 243 -7.09 3302 -4.699243915188186
177 441 411 408 236 -7.09 3304 -4.222122660468525
177 441 404 409 229 -7.09 3305 -3.7450014057488623
177 441 397 410 222 -7.10 3306 -3.2678801510291997
177 441 390 411 215 -7.10 3308 -2.790758896309537
177 441 383 412 208 -7.10 3309 -2.790758896309537
177 441 377 413 201 -7.14 3327 -2.3136376415898745
177 441 346 417 170 -7.04 3282 -0.4051526227112241
177 441 340 418 164 -7.09 3302 -0.4051526227112241
222 452 339 156 318 -0.40 400 -8.516213952945485
222 452 338 158 316 -0.39 400 -8.516213952945485
222 452 336 163 310 -0.39 400 -8.039092698225822
222 452 335 166 307 -0.40 400 -8.039092698225822
222 452 334 168 305 -0.39 400 -7.561971443506161
222 452 333 171 302 -0.40 400 -7.561971443506161
222 452 328 184 288 -0.40 400 -7.084850188786499
222 452 327 186 285 -0.39 400 -6.607728934066836
222 452 326 188 283 -0.39 400 -6.607728934066836
222 452 321 201 269 -0.39 400 -5.653486424627511
222 452 320 204 266 -0.40 400 -5.653486424627511
222 452 319 206 264 -0.39 400 -5.653486424627511
222 452 318 209 261 -0.40 400 -5.653486424627511
222 452 317 211 259 -0.39 400 -5.176365169907848
222 452 316 214 255 -0.39 400 -5.176365169907848
222 452 311 227 241 -0.40 400 -4.222122660468525
222 452 310 229 239 -0.39 400 -4.222122660468525
222 452 309 231 237 -0.39 399 -4.222122660468525
222 452 304 244 223 -0.39 400 -3.2678801510291997
222 452 303 247 220 -0.40 400 -3.2678801510291997
222 452 302 249 218 -0.39 400 -3.2678801510291997
222 452 301 252 215 -0.40 400 -2.790758896309537
222 452 295 268 197 -0.40 401 -1.836516386870212
222 452 288 285 179 -0.40 400 -0.8822738774308867
222 452 287 287 177 -0.39 400 -0.8822738774308867
222 452 286 290 174 -0.40 400 -0.8822738774308867
222 452 285 292 171 -0.39 399 -0.8822738774308867
222 452 284 295 168 -0.39 400 -0.4051526227112241
221 454 339 156 320 -0.40 400 -8.516213952945485
221 454 338 158 318 -0.40 400 -8.516213952945485
221 454 336 163 312 -0.40 400 -8.039092698225822
221 454 335 166 309 -0.40 400 -8.039092698225822
221 454 334 168 307 -0.40 400 -8.039092698225822
221 454 333 171 304 -0.40 400 -7.561971443506161
221 454 328 184 290 -0.40 400 -7.084850188786499
221 454 327 186 288 -0.40 400 -7.084850188786499
221 454 326 188 285 -0.39 400 -6.607728934066836
221 454 321 201 272 -0.40 400 -6.1306076793471735
221 454 320 204 268 -0.40 400 -5.653486424627511
221 454 319 206 266 -0.40 400 -5.653486424627511
221 454 318 209 263 -0.40 400 -5.653486424627511
221 454 317 211 261 -0.40 400 -5.653486424627511
221 454 316 214 258 -0.40 400 -5.176365169907848
221 454 311 227 244 -0.40 401 -4.699243915188186
221 454 310 229 241 -0.40 400 -4.222122660468525
221 454 309 231 239 -0.39 400 -4.222122660468525
221 454 304 244 225 -0.40 400 -3.7450014057488623
221 454 303 247 222 -0.40 400 -3.2678801510291997
221 454 302 249 220 -0.40 400 -3.2678801510291997
221 454 301 252 217 -0.40 400 -3.2678801510291997
221 454 295 268 200 -0.40 401 -2.3136376415898745
221 454 288 285 181 -0.40 400 -1.3593951321505493
221 454 287 287 179 -0.40 400 -0.8822738774308867
221 454 286 290 176 -0.40 400 -0.8822738774308867
221 454 285 292 174 -0.40 400 -0.8822738774308867
221 454 284 295 171 -0.40 400 -0.8822738774308867
220 457 339 156 323 -0.40 400 -8.516213952945485
220 457 338 158 321 -0.39 400 -8.516213952945485
220 457 336 163 316 -0.39 400 -8.516213952945485
220 457 335 166 312 -0.40 400 -8.039092698225822
220 457 334 168 310 -0.39 400 -8.039092698225822
220 457 333 171 307 -0.40 400 -8.039092698225822
220 457 328 184 293 -0.40 400 -7.084850188786499
220 457 327 186 291 -0.39 400 -7.084850188786499
220 457 326 188 289 -0.39 400 -7.084850188786499
220 457 321 201 275 -0.39 400 -6.1306076793471735
220 457 320 204 272 -0.40 400 -6.1306076793471735
220 457 319 206 269 -0.39 400 -5.653486424627511
220 457 318 209 266 -0.40 400 -5.653486424627511
220 457 317 211 264 -0.39 400 -5.653486424627511
220 457 316 214 261 -0.40 400 -5.653486424627511
220 457 311 227 247 -0.40 400 -4.699243915188186
220 457 310 229 245 -0.39 400 -4.699243915188186
220 457 309 231 242 -0.39 399 -4.222122660468525
220 457 304 244 228 -0.39 400 -3.7450014057488623
220 457 303 247 225 -0.40 400 -3.7450014057488623
220 457 302 249 223 -0.39 400 -3.2678801510291997
220 457 301 252 220 -0.40 400 -3.2678801510291997
220 457 295 268 203 -0.40 401 -2.3136376415898745
220 457 288 285 184 -0.40 400 -1.3593951321505493
220 457 287 287 182 -0.39 400 -1.3593951321505493
220 457 286 290 179 -0.40 400 -0.8822738774308867
220 457 285 292 177 -0.39 400 -0.8822738774308867
220 457 284 295 174 -0.40 400 -0.8822738774308867
220 457 280 305 163 -0.39 400 -0.4051526227112241
219 459 339 156 325 -0.40 400 -8.993335207665147
219 459 338 158 323 -0.40 400 -8.516213952945485
219 459 336 163 318 -0.40 400 -8.516213952945485
219 459 335 166 315 -0.40 400 -8.516213952945485
219 459 334 168 312 -0.40 400 -8.039092698225822
219 459 333 171 309 -0.40 400 -8.039092698225822
219 459 328 184 295 -0.40 400 -7.084850188786499
219 459 327 186 293 -0.40 400 -7.084850188786499
219 459 326 188 291 -0.39 400 -7.084850188786499
219 459 321 201 277 -0.40 400 -6.1306076793471735
219 459 320 204 274 -0.40 400 -6.1306076793471735
219 459 319 206 272 -0.40 400 -6.1306076793471735
219 459 318 209 268 -0.40 400 -5.653486424627511
219 459 317 211 266 -0.40 400 -5.653486424627511
219 459 316 214 263 -0.40 400 -5.653486424627511
219 459 311 227 249 -0.40 401 -4.699243915188186
219 459 310 229 247 -0.40 400 -4.699243915188186
219 459 309 231 245 -0.39 400 -4.699243915188186
219 459 304 244 231 -0.40 400 -3.7450014057488623
219 459 303 247 228 -0.40 400 -3.7450014057488623
219 459 302 249 225 -0.40 400 -3.7450014057488623
219 459 301 252 222 -0.40 400 -3.2678801510291997
219 459 295 268 205 -0.40 401 -2.3136376415898745
219 459 288 285 187 -0.40 401 -1.3593951321505493
219 459 287 287 184 -0.40 400 -1.3593951321505493
219 459 286 290 181 -0.40 400 -1.3593951321505493
219 459 285 292 179 -0.40 400 -0.8822738774308867
219 459 284 295 176 -0.40 400 -0.8822738774308867
219 459 280 305 165 -0.40 400 -0.4051526227112241
